name	username	total_count	description	comment
Stewart Griffiths	stewart_griffiths_8066	26.0	'''Voluptate a occaecati; Eligendi itaque minus alias 	 Pariatur'''	'''Molestiae repellat; Earum 	 Molestias cumque officia'''
Matthew Gould-Talbot	matthew_talbot_8655	55.0	'''Ullam modi; Velit praesentium est voluptate occaecati 	 Vel non architecto voluptatum veniam optio'''	'''Ipsam harum; Corrupti exercitationem 	 Adipisci quas quo maiores illo non'''
Ms Harriet Fletcher	ms_fletcher_0097	15.0	'''Note: Harum est tempora earum expedita labore	 then Laborum'''	'''Eaque quidem excepturi: Mollitia accusamus	 Molestiae veniam'''
Valerie Hill	valerie_hill_9227	84.0	'''Harum accusantium	 Minima consequatur ipsam accusamus deserunt vero Voluptatem nulla'''	'''Note: Cum laborum ratione ex	 then Quaerat harum perferendis eos'''
Denis Yates	denis_yates_9963	57.0	'''Delectus aut voluptas nobis: Corrupti	 Vero reiciendis vero'''	'''Animi nulla officiis; Molestias soluta fugiat 	 Eius ipsum soluta quisquam'''
Nicole Bell	nicole_bell_6265	41.0	'''Quae; Quis voluptas illo assumenda 	 Corporis labore'''	'''Fugiat nisi dolor dolores neque quis	 Esse odio dolore Earum corporis'''
Hilary Campbell	hilary_campbell_6198	15.0	'''Illo molestiae quos deserunt incidunt saepe; Itaque est 	 Magni quaerat in deleniti'''	'''Sapiente facere	 Eligendi magnam exercitationem dolore Exercitationem iusto fugit voluptates aperiam'''
Diana Burgess	diana_burgess_6263	97.0	'''(Accusamus dolor at nisi neque) 	 Totam quod reiciendis ab quam and Deleniti necessitatibus rem'''	'''Note: Aut	 then Temporibus porro'''
Raymond Kent-Ashton	raymond_ashton_0178	4.0	'''Repudiandae ex: Dolore	 Voluptatibus inventore'''	'''Voluptatibus eligendi exercitationem repellat; Accusamus minus eaque 	 Ullam'''
Miss Kathleen Owen	miss_owen_2402	24.0	'''Note: Quibusdam	 then Sequi praesentium nesciunt iusto'''	'''Dolorem; Quis nihil 	 Harum voluptatem'''
Dr Martyn Jones	dr_jones_6761		'''Ex repellat aspernatur	 Aut a Ea eius'''	'''Consequuntur: Dolores id quod nulla	 Dolor ipsa occaecati'''
Stephen Ali	stephen_ali_8960	25.0	'''Optio id: Sed debitis voluptate tempore	 Deserunt soluta voluptates'''	'''Dolorum nulla numquam soluta ipsa	 Cumque quam Nesciunt corrupti'''
Terence Savage	terence_savage_6991	75.0	'''Note: Praesentium corporis aut facere	 then Veritatis id'''	'''Quaerat: Quaerat debitis non velit eius quos	 Autem aliquid ipsam veritatis quaerat'''
Miss Charlotte Crawford	miss_crawford_8258	47.0	'''Debitis iusto; Distinctio consequatur magnam 	 Nihil animi eligendi consectetur'''	'''Cum illo officiis exercitationem quis repudiandae	 Quis iste Quod'''
Bernard Edwards	bernard_edwards_5146	20.0	'''Note: Aperiam ipsa commodi doloremque deleniti	 then Maxime mollitia vero'''	'''Autem voluptatum excepturi dolores asperiores	 Ipsam Minus rerum enim laborum'''
James Hopkins	james_hopkins_1105	16.0	'''Tempore neque aperiam quos; Ex 	 Odio'''	'''Note: Id nobis	 then Praesentium repudiandae'''
Amanda Smith	amanda_smith_7688	96.0	'''Note: Neque	 then Rem at repellat dolorem voluptas'''	'''(Corrupti maxime fugit) 	 Repellendus qui and Vero alias excepturi'''
Miss Kim Chapman	miss_chapman_4558	1.0	'''Vero: Minus neque ipsa	 Quia'''	'''Fugit blanditiis: Minus voluptates fuga	 Commodi inventore sunt'''
Damian Parker	damian_parker_3510	80.0	'''(Occaecati officiis neque) 	 Occaecati inventore eos consequatur and Laborum praesentium'''	'''(Necessitatibus optio aliquam possimus nostrum) 	 Libero rem dignissimos molestiae and Soluta voluptatem quasi'''
Kevin Gallagher	kevin_gallagher_6759	38.0	'''Note: Quasi placeat	 then Rem sint quidem'''	'''(Consequatur reiciendis inventore) 	 Quas fuga consequuntur occaecati and Repellat dicta'''
Kieran Evans	kieran_evans_6082	84.0	'''Note: Sequi sequi ea ullam	 then Placeat itaque facilis dignissimos'''	'''(Temporibus inventore quam recusandae nobis) 	 Suscipit commodi and A nostrum veritatis'''
Ms Jade Hewitt	ms_hewitt_5218	41.0	'''Doloribus corrupti: Ipsam placeat	 Eius magnam'''	'''Note: Nisi	 then Hic harum quis nulla voluptatibus'''
Mrs Eleanor Lee	mrs_lee_8814	72.0	'''Quaerat: Adipisci laborum perspiciatis	 Minima eligendi repudiandae sit'''	'''Quidem explicabo; Numquam 	 Ex debitis pariatur tenetur eos'''
A	leigh_brady_7433	30.0	'''Praesentium minima saepe earum: Doloremque possimus	 Neque tenetur tenetur aperiam quo'''	'''Earum debitis tempore: Necessitatibus itaque hic	 Quasi nulla officia ut corporis'''
Clare McDonald	clare_mcdonald_1816	83.0	'''(Adipisci quibusdam tenetur unde) 	 Impedit laboriosam rem rem and Commodi quasi'''	'''(Eligendi velit quis) 	 Voluptates and Laborum ea nemo'''
Mr Graeme Hale	mr_hale_7553	14.0	'''Perspiciatis ipsam molestias officiis officia perspiciatis: Distinctio facilis fuga accusantium	 Aliquam sapiente'''	'''Note: Deleniti cumque modi molestias	 then Porro saepe sapiente numquam'''
Dr Jeremy Chapman	dr_chapman_1861	70.0	'''Eaque adipisci repudiandae	 Necessitatibus totam Eum deleniti'''	'''(Earum) 	 Facilis cumque and Numquam eos aliquid ullam quasi'''
Dr Glen Thompson	dr_thompson_7469	57.0	'''Note: Natus incidunt ipsa possimus	 then Accusantium quas quasi eaque inventore'''	'''Note: Impedit magnam harum	 then Dolores sequi commodi'''
Melissa Campbell-Parkinson	melissa_parkinson_7225	66.0	'''(Quia omnis perferendis iure labore explicabo) 	 Quae quod and Repudiandae sunt aperiam facilis'''	'''Note: Quaerat sequi	 then Quibusdam'''
Josephine Thompson	josephine_thompson_9846	54.0	'''Note: Error exercitationem esse	 then Ut placeat occaecati cumque'''	'''(Animi impedit sed minus) 	 Facilis omnis and Quo suscipit'''
Kathryn Weston	kathryn_weston_9741	55.0	'''Beatae vitae accusantium	 Eligendi voluptates Corrupti laudantium impedit'''	'''(Omnis nemo non nesciunt) 	 Magni at sit incidunt rerum and Tempora sed'''
Dean Hawkins-Smith	dean_smith_1604	23.0	'''(Corporis beatae voluptatum ipsum labore optio) 	 Magnam nam vero and Repudiandae expedita'''	'''Placeat neque: Est	 Excepturi repellat itaque'''
Roger Walters	roger_walters_1914	78.0	'''Fugiat ducimus	 Rem laudantium repudiandae sequi Praesentium enim ipsum harum quaerat magnam'''	'''Tempora reiciendis exercitationem: Quia nihil dolore	 Commodi explicabo quo nostrum'''
Hollie Howarth	hollie_howarth_1368	73.0	'''Note: Dolore officiis harum ducimus	 then Voluptate distinctio illo suscipit delectus'''	'''Tempore temporibus ipsa	 Nemo deserunt et debitis esse Impedit maxime error iste officiis maiores voluptate'''
Mr Kyle Holden	mr_holden_1746	98.0	'''Dignissimos	 Voluptatum nostrum id iste Molestiae'''	'''Note: Blanditiis tenetur ab sed	 then Doloribus voluptatum hic officia reiciendis'''
Conor Graham	conor_graham_3441	43.0	'''Sequi recusandae: Aliquid molestiae	 Eaque ratione ea'''	'''Repellat ut eius; Dolores 	 Ab modi neque dolorum ipsam'''
Dr Gary Cox	dr_cox_6393	12.0	'''(Soluta perspiciatis similique distinctio placeat suscipit) 	 Eum veritatis velit and Veritatis iusto'''	'''Quidem laudantium odit: Facere	 Atque alias'''
Damien Jones	damien_jones_5741	46.0	'''Eius dolorem: Sint dignissimos deserunt	 Rem voluptatem accusantium aspernatur fugit'''	'''Repellendus itaque ipsa sunt esse; Explicabo 	 Similique magnam ad laborum sit'''
Abbie Morrison-Thompson	abbie_thompson_3020	80.0	'''Consectetur quaerat ullam in; Velit quos in blanditiis odio quasi 	 Natus magni totam quo'''	'''Laboriosam labore ipsam nihil dignissimos	 Eos nulla Inventore error consequatur odio blanditiis'''
Clive Smith-Roberts	clive_roberts_2660	25.0	'''Note: Rerum ullam occaecati	 then Facere voluptatum'''	'''Assumenda ipsa delectus; Deserunt veritatis adipisci iste dolorum 	 Nisi eos sed deserunt'''
Mr Derek Gibbons	mr_gibbons_3285	19.0	'''Note: Ea soluta velit ea	 then Natus numquam sunt'''	'''(Rem) 	 Libero and Nihil odit in ipsam iusto'''
Dr Wendy Cox	dr_cox_1035	17.0	'''Quisquam quas quasi repellendus eius: Corporis voluptatum	 Natus assumenda aperiam'''	'''Voluptatem tenetur consectetur saepe accusamus; Optio 	 Repudiandae'''
Mrs Francesca Mitchell	mrs_mitchell_2633	67.0	'''Impedit eaque molestiae quisquam eligendi	 Error similique Optio pariatur assumenda'''	'''Dicta placeat nesciunt adipisci; Eveniet non at 	 In reprehenderit'''
Josh Patel	josh_patel_6957	2.0	'''(Sequi nulla) 	 Minima quas and Ex sint doloribus blanditiis'''	'''Note: Optio	 then Placeat repudiandae'''
Dr Heather Wells	dr_wells_3083	83.0	'''Nisi ex: Accusantium magni corporis	 Dignissimos dolor ipsum maiores veritatis'''	'''Reprehenderit in; Beatae fuga pariatur perspiciatis odio 	 Nulla vero'''
Leon Dyer-Quinn	leon_quinn_0117	77.0	'''Note: Dolores aperiam rem	 then Sapiente ad velit'''	'''Autem sit neque: Id	 Eos velit perferendis vero labore'''
Mrs Leah Thompson	mrs_thompson_2837	81.0	'''Consequuntur ducimus facilis; Dignissimos ad suscipit incidunt 	 Ex ipsam eligendi atque vero'''	'''(Similique et quisquam ad) 	 Delectus and Velit ratione quis repudiandae'''
Toby Watson	toby_watson_9427	93.0	'''Note: Rem	 then Inventore doloremque'''	'''Distinctio officia	 Tempora Ab accusamus'''
Naomi Taylor	naomi_taylor_9533	52.0	'''Note: Eius fugit	 then Reiciendis perspiciatis vero'''	'''Note: Accusamus explicabo velit ducimus modi sint	 then Delectus reprehenderit hic repudiandae'''
